270

[[0.23442395 0.03463059 0.20804173 0.67252918]
 [0.03463059 0.00496985 0.07980421 0.09596865]
 [0.20804173 0.07980421 1.24091656 0.98472246]
 [0.67252918 0.09596865 0.98472246 1.55541528]]

290

[[1.02825722e+00 3.87691921e-02 1.03265397e+00 2.71527261e+00]
 [3.87691921e-02 9.42975438e-04 3.16788985e-02 1.03629704e-01]
 [1.03265397e+00 3.16788985e-02 1.06208601e+00 2.78988315e+00]
 [2.71527261e+00 1.03629704e-01 2.78988315e+00 7.32246749e+00]]

296

[[1.14163112e-01 8.88066270e-03 4.32007824e-01 3.24396362e-01]
 [8.88066270e-03 4.20167172e-04 1.44430488e-02 2.59406442e-02]
 [4.32007824e-01 1.44430488e-02 4.47852722e-01 2.89751069e-01]
 [3.24396362e-01 2.59406442e-02 2.89751069e-01 4.07824000e-01]]

310

[[9.40027636e-02 1.05630445e-02 2.64679095e-01 3.20897945e-01]
 [1.05630445e-02 2.56723075e-04 5.49374654e-02 1.68435683e-02]
 [2.64679095e-01 5.49374654e-02 4.32145262e-01 3.63672631e-01]
 [3.20897945e-01 1.68435683e-02 3.63672631e-01 4.66297723e-01]]

330

[[2.31793939e-01 9.64600211e-03 3.81950945e-01 3.09853286e-01]
 [9.64600211e-03 6.56679273e-04 2.78296740e-02 3.03453436e-02]
 [3.81950945e-01 2.78296740e-02 2.24345849e+00 1.11239204e+00]
 [3.09853286e-01 3.03453436e-02 1.11239204e+00 4.99173741e-01]]

350 

[[2.44799161e-01 1.77167256e-02 2.96384737e-01 4.68513259e-01]
 [1.77167256e-02 7.85116009e-04 2.57011315e-02 1.66273643e-02]
 [2.96384737e-01 2.57011315e-02 1.12794960e+00 1.53618284e+00]
 [4.68513259e-01 1.66273643e-02 1.53618284e+00 1.44447844e+00]]
